4294967279,33
4294967279,25
4294967279,18
4294967279,9
4294967279,7
4294967279,6
4294967279,5
4294967278,148
4294967279,146
4294967294,7
4294967294,17
4294967294,67
4294967294,41
0,5
4294967279,145
4294967278,145
4294967294,50
4294967294,43
4294967294,52
4294967294,12
4294967294,25
4294967294,26
4294967294,93
4294967294,95
4294967279,144
4294967294,1094
4294967294,1093
4294967294,1092
4294967294,1090
4294967294,1088
4294967294,1014
4294967294,1012
4294967294,1009
4294967294,1007
4294967294,1006
4294967294,1004
4294967294,1002
4294967294,999
4294967294,998
4294967294,997
4294967294,421
4294967294,401
4294967294,190
4294967294,185
4294967294,182
4294967294,176
4294967294,81
4294967294,83
4294967294,11
4294967294,68
4294967293,131
4294967293,130
4294967293,129
4294967293,128
4294967293,127
4294967293,126
4294967293,125
4294967293,124
4294967293,123
4294967293,122
4294967293,121
4294967293,120
4294967293,119
4294967293,118
4294967293,117
4294967293,116
4294967293,115
4294967293,114
4294967293,113
4294967293,112
4294967293,111
4294967293,110
4294967293,109
4294967293,108
4294967293,107
4294967293,106
4294967293,105
4294967293,104
4294967293,103
4294967293,102
4294967293,101
4294967293,100
4294967293,99
4294967293,98
4294967293,97
4294967293,96
4294967293,95
4294967293,94
4294967293,93
4294967293,92
4294967293,91
4294967293,90
4294967293,89
4294967293,87
4294967293,86
4294967293,85
4294967293,84
4294967293,83
4294967293,82
4294967293,81
4294967293,80
4294967293,79
4294967293,78
4294967293,77
4294967293,76
4294967293,75
4294967293,74
4294967293,73
4294967293,72
4294967293,71
4294967293,70
4294967293,69
4294967293,68
4294967293,67
4294967293,66
4294967293,65
4294967293,64
4294967293,63
4294967293,62
4294967293,61
4294967293,60
4294967293,59
4294967293,58
4294967293,57
4294967293,56
4294967293,55
4294967293,54
4294967293,53
4294967293,52
4294967293,51
4294967293,50
4294967293,49
4294967293,48
4294967293,47
4294967293,46
4294967293,45
4294967293,44
4294967293,43
4294967293,42
4294967293,41
4294967293,40
4294967293,39
4294967293,38
4294967293,37
4294967293,36
4294967293,35
4294967293,34
4294967293,33
4294967293,32
4294967293,31
4294967293,30
4294967293,29
4294967293,28
4294967293,27
4294967293,26
4294967293,25
4294967293,24
4294967293,23
4294967293,22
4294967293,21
4294967293,20
4294967293,19
4294967293,18
4294967293,17
4294967293,16
4294967293,15
4294967293,14
4294967293,13
4294967293,12
4294967293,11
4294967293,10
4294967293,9
4294967293,8
4294967293,7
4294967293,6
4294967293,5
4294967293,4
4294967293,3
4294967279,58
4294967279,57
4294967279,55
4294967279,51
4294967279,50
4294967279,49
4294967279,48
4294967279,47
4294967279,46
4294967279,45
4294967279,44
4294967279,43
4294967279,42
4294967279,41
4294967279,40
4294967279,39
4294967279,38
4294967279,37
4294967279,36
4294967294,437
4294967278,291
4294967279,565
4294967278,306
4294967279,564
4294967278,375
4294967278,136
73,5
73,4
73,3
73,2
73,1
4294967278,276
4294967278,288
4294967279,279
4294967278,283
4294967278,271
4294967279,276
4294967278,374
4294967278,265
71,5
71,4
71,3
71,2
71,1
4294967278,262
4294967278,261
4294967279,253
4294967294,1419
4294967279,523
4294967278,373
69,6
4294967278,341
69,5
4294967278,329
4294967278,331
69,4
4294967279,547
69,3
69,2
69,1
4294967279,563
4294967278,254
4294967279,518
4294967278,354
4294967279,248
4294967278,252
4294967279,546
68,5
4294967279,247
4294967278,246
4294967279,245
68,4
4294967278,244
68,3
68,2
68,1
4294967278,243
4294967279,243
4294967294,173
4294967294,1089
4294967294,163
4294967294,1091
4294967278,242
4294967279,241
4294967279,240
4294967278,239
4294967279,516
4294967278,372
4294967279,233
4294967278,232
4294967279,231
67,5
4294967279,229
67,4
67,3
67,2
67,1
4294967278,227
4294967279,227
4294967278,225
4294967279,223
4294967294,388
4294967278,218
4294967279,222
4294967278,221
66,5
4294967278,216
4294967279,215
4294967278,214
66,4
4294967279,544
66,3
66,2
66,1
4294967279,514
4294967278,213
4294967279,213
4294967278,212
4294967279,210
4294967278,211
4294967278,324
4294967279,538
4294967279,209
4294967278,208
4294967279,208
4294967278,207
4294967278,371
4294967279,207
4294967278,353
4294967279,542
4294967278,203
64,4
4294967279,203
64,3
64,2
64,1
4294967278,202
4294967294,395
4294967294,396
4294967294,409
4294967294,1171
4294967294,1172
4294967294,405
4294967294,113
4294967294,109
4294967294,463
4294967294,418
4294967294,404
4294967279,202
4294967279,199
4294967279,541
4294967279,198
4294967278,197
4294967279,197
63,4
4294967278,196
63,3
63,2
63,1
4294967278,370
4294967279,196
4294967278,193
4294967278,192
62,4
4294967279,192
62,3
62,2
62,1
4294967278,191
4294967279,191
4294967278,318
4294967279,539
4294967279,71
4294967279,70
4294967279,69
4294967279,68
4294967279,67
4294967279,66
4294967279,65
4294967279,60
4294967279,56
4294967279,54
4294967279,53
4294967279,52
4294967278,187
4294967279,185
4294967279,537
4294967279,309
61,5
4294967279,184
4294967278,183
4294967279,183
61,4
4294967278,182
61,3
61,2
61,1
4294967278,347
4294967279,182
4294967278,181
4294967279,64
4294967278,179
